pgain=0.05
tickstoinch=0.1061947
timestamp=1489022019.84
pidtimeout=10000.0
kyle=2.0
threshold=0.25
hi=1234.0
pidmove=-12.0
inchtoticks=9.4166666
pidgain=-0.03
pidclipping=0.5
thresholdcounter=20.0
goodstuff=78.0
igain=0.0
yu=0.0
hello=9999.0
deadband=0.3
