pidmove=-12.0
pgain=0.05
tickstoinch=0.1061947
pidclipping=0.5
timestamp=1489035075.51
pidtimeout=10000.0
kyle=2.0
hi=1234.0
inchtoticks=9.4166666
pidgain=-0.03
goodstuff=78.0
thresholdcounter=20.0
threshold=0.25
igain=0.0
yu=0.0
hello=9999.0
deadband=0.3
