pgain=0.05
goodstuff=78.0
igain=0.0
pidtimeout=10000.0
thresholdcounter=20.0
kyle=2.0
tickstoinch=0.1061947
hi=1234.0
inchtoticks=9.4166666
pidgain=-0.03
pidclipping=0.5
timestamp=1489009882.07
threshold=0.25
pidmove=-12.0
yu=0.0
hello=9999.0
deadband=0.3
